image_width: 640
image_height: 480
camera_name: left
camera_matrix:
  rows: 3
  cols: 3
  data: [763.711515 0.000000 362.096663,0.000000, 764.221974, 232.136298,0.000000, 0.000000, 1.000000]
distortion_model: plumb_bob
distortion_coefficients:
  rows: 1
  cols: 5
  data: [0.078584 -0.431641 0.000921 0.003203 0.000000]
rectification_matrix:
  rows: 3
  cols: 3
  data: [0.993952, -0.005364, 0.109681,0.004113, 0.999924, 0.011630,-0.109735 ,-0.011108, 0.993899]
projection_matrix:
  rows: 3
  cols: 4
  data: [804.146442, 0.000000, 259.402256, 0.000000,0.000000, 804.146442, 222.856138, 0.000000,0.000000, 0.000000, 1.000000, 0.000000]
