# oST version 5.0 parameters


[image]

width
640

height
480

[narrow_stereo/left]

camera matrix
763.711515 0.000000 362.096663
0.000000 764.221974 232.136298
0.000000 0.000000 1.000000

distortion
0.078584 -0.431641 0.000921 0.003203 0.000000

rectification
0.993952 -0.005364 0.109681
0.004113 0.999924 0.011630
-0.109735 -0.011108 0.993899

projection
804.146442 0.000000 259.402256 0.000000
0.000000 804.146442 222.856138 0.000000
0.000000 0.000000 1.000000 0.000000

# oST version 5.0 parameters


[image]

width
640

height
480

[narrow_stereo/right]

camera matrix
760.796777 0.000000 340.027193
0.000000 760.861761 215.250454
0.000000 0.000000 1.000000

distortion
0.063577 -0.328514 -0.000308 0.006224 0.000000

rectification
0.994210 -0.022232 0.105131
0.023429 0.999674 -0.010168
-0.104871 0.012572 0.994406

projection
804.146442 0.000000 259.402256 -72.215415
0.000000 804.146442 222.856138 0.000000
0.000000 0.000000 1.000000 0.000000

