image_width: 640
image_height: 480
camera_name: left
camera_matrix:
  rows: 3
  cols: 3
  data: [760.796777, 0.000000, 340.027193,0.000000, 760.861761, 215.250454,0.000000, 0.000000, 1.000000]
distortion_model: plumb_bob
distortion_coefficients:
  rows: 1
  cols: 5
  data: [0.063577 -0.328514 -0.000308 0.006224 0.000000]
rectification_matrix:
  rows: 3
  cols: 3
  data: [0.994210, -0.022232, 0.105131,0.023429, 0.999674, -0.010168,-0.104871, 0.012572, 0.994406]
projection_matrix:
  rows: 3
  cols: 4
  data: [804.146442, 0.000000, 259.402256, -72.215415,0.000000, 804.146442, 222.856138, 0.000000,0.000000, 0.000000, 1.000000, 0.000000]
