image_width: 640
image_height: 480
camera_name: right
camera_matrix:
  rows: 3
  cols: 3
  data: [739.446460, 0.000000, 322.866930, 0.000000, 741.035888, 207.012598, 0.000000, 0.000000, 1.000000]
distortion_model: plumb_bob
distortion_coefficients:
  rows: 1
  cols: 5
  data: [0.070386, -0.372649, -0.005563, 0.001842, 0.000000]
rectification_matrix:
  rows: 3
  cols: 3
  data: [0.997887, -0.000535, 0.064975, 0.001251, 0.999939, -0.010973,-0.064965, 0.011031, 0.997827]
projection_matrix:
  rows: 3
  cols: 4
  data: [776.126848, 0.000000, 275.295315, -69.474746, 0.000000, 776.126848, 210.981220, 0.000000, 0.000000, 0.000000, 1.000000, 0.000000]
